00000000000000
27102720000000
27102720112177
27102720116491
27102720124297
27102720139972
27102722730117
27102722730232
27102722730265
27102726069512
27659610000000
27659610127456
27659616025977
27659616025985
27659616025993
27659616026009
27659616101802
27659616106959
27659616109466
27659616113542
27659616115232
27659616117691
27659616119663
27659616120273
27659790000000
27659790139980
27659796026017
27659870000000
27659870118687
27659870135541
27659872730018
27659872730356
27659872730414
27659876026025
27659876026033
27659876026041
27659876026074
27659950000000
27659956026082
27660270000000
27660276026108
27660350000000
27660350136796
27660356026116
27660356089387
27660356111637
27660356111645
27660500000000
27660500107292
27660500121863
27660500131326
27660506026124
27660506026132
27660506106777
27660680000000
27660680134254
27660682730083
27660682730174
27660682732170
27660760000000
27660766026140
27660840000000
27660846026157
27660920000000
27660920111435
27660920112896
27660920115642
27660920122457
27660920124602
27660920129239
27660920134999
27660922730240
27660922732253
27660922732501
27660922732808
27660922735348
27660926026181
27660926026199
27660926026207
27660926026223
27660926026249
27660926026256
27660926026280
27660926026314
27660926026355
27660926058713
27660926058721
27660926058739
27660926058747
27660926118962
27661340000000
27661342731115
27661342733558
27661342733657
27661346026470
27661346026496
27661346058754
27661420000000
27661420108068
27661420132407
27661426026520
27661426026538
27661426026546
27661426026553
27661426026561
27661426026579
27661426026587
27661426026595
27661426026603
27661426026611
27661426066963
27661426109177
27661590000000
27661590124610
27661590136697
27661592730109
27661592730166
27661592730273
27661592733178
27661592734457
27661592734481
27661592734556
27661596058762
27661596058770
27661596110753
27661596118129
27661670000000
27661676026629
27661750000000
27661756026637
27661830000000
27661836026645
27661910000000
27661910107391
27661910122911
27661910129098
27661916026652
27661916026660
27661916102925
27661916120224
27662250000000
27662256026694
27662256115182
27662330000000
27662330121004
27662336026702
27662336026710
27662336092688
27738250000000
27738252730034
27738252730059
27738252730125
27738252730141
27738256026397
27738256026405
27738256026413
27738256026421
27738256026447
27740540000000
27740542795011
27751500000000
27751500118349
27751502730133
27754400000000
27754400106112
27754400106336
27754400111088
27754400123398
27754400123406
27754402730190
27754402730281
27754406026678
27754406026686
27754406105472
27754406118756
27754730000000
27754732730828
27754732730885
27754736026090
27754736066955
27102720000000
27102720112177
27102720116491
27102720124297
27102720139972
27102720144246
27102720144253
27102720144261
27102720144279
27102720144287
27102720144295
27102720144303
27102720144311
27102720144329
27102720144337
27102720144345
27102720144352
27102720144360
27102722730117
27102722730232
27102722730265
27102726069512
27102726119663
27659610000000
27659610127456
27659610141507
27659610154278
27659610154286
27659610154294
27659610154302
27659616025977
27659616025985
27659616025993
27659616026009
27659616101802
27659616106959
27659616109466
27659616113542
27659616115232
27659616117691
27659616120273
27659790000000
27659796026017
27659870000000
27659870118687
27659870135541
27659870141267
27659870154310
27659872730018
27659872730356
27659872730414
27659876026025
27659876026033
27659876026041
27659876026074
27659950000000
27659956026082
27660270000000
27660276026108
27660350000000
27660350136796
27660350154328
27660350154336
27660350154344
27660356026116
27660356089387
27660356111637
27660356111645
27660500000000
27660500107292
27660500121863
27660500131326
27660500154369
27660506026124
27660506026132
27660506106777
27660680000000
27660680141010
27660682730083
27660682730174
27660682732170
27660760000000
27660766026140
27660840000000
27660846026157
27660920000000
27660920111435
27660920112896
27660920115642
27660920122457
27660920124602
27660920129239
27660920134999
27660922730240
27660922732253
27660922732501
27660922732808
27660922735348
27660926026181
27660926026207
27660926026249
27660926026256
27660926026280
27660926026314
27660926026355
27660926058713
27660926058721
27660926058739
27660926118962
27661340000000
27661340154377
27661342731115
27661342733558
27661342733657
27661346026470
27661346026496
27661346058754
27661420000000
27661420108068
27661420132407
27661420140913
27661420152652
27661420154385
27661420154393
27661420154401
27661420154419
27661420154427
27661420154435
27661420154443
27661420154450
27661426026520
27661426026538
27661426026546
27661426026553
27661426026561
27661426026579
27661426026587
27661426026595
27661426026603
27661426026611
27661426066963
27661426109177
27661590000000
27661590124610
27661590136697
27661592730109
27661592730166
27661592730273
27661592733178
27661592734457
27661592734481
27661592734556
27661596058762
27661596058770
27661596110753
27661596118129
27661670000000
27661676026629
27661750000000
27661756026637
27661830000000
27661836026645
27661910000000
27661910107391
27661910122911
27661910129098
27661916026652
27661916026660
27661916102925
27661916120224
27662250000000
27662256026694
27662256115182
27662330000000
27662330121004
27662336026702
27662336026710
27662336092688
27738250000000
27738250162875
27738250162883
27738250162891
27738250162909
27738250162917
27738252730034
27738252730059
27738252730125
27738252730141
27738256026397
27738256026405
27738256026413
27738256026421
27738256026447
27740540000000
27740542795011
27751500000000
27751500118349
27751502730133
27754400000000
27754400106112
27754400106336
27754400111088
27754400123398
27754400123406
27754400141051
27754400163519
27754400163527
27754400163535
27754402730190
27754402730281
27754406026678
27754406026686
27754406105472
27754406118756
27754730000000
27754730163543
27754732730828
27754732730885
27754736026090
27754736066955
